0000000000000000
0000000000010000
0000000000000000
0000000100000000
0000000000000000
0000000000000000
0000000000000000
0000000000000000
0000000000000000
0000000000000000
0000000000000000
0000000000000000
0000000000000000
0000000000000000
0000000000000000
0000000000000000
0000000000000000
0000000000000000
0000100100100000
0000000000000000
0001001001000000
0000000000000000
0001101001000000
0000000000000000
0010000010000000
0000000000000000
0010101100000000
0000000000000000
0100001100101000
0000000000000000
0100111010010100
0000000000000000
0101010111111000
0000000000000000
0101101100101000
0000000000000000
0110001000100000
0000000000000000
0110101000100000
0000000000001111
0111000100100000
0000000000000101
0111101001000000
0000000000001011
1000000000100000
0000000000000000
1000101000000000
0000000000000000
1010100000000000
0000000011111111
1011001000000000
0000000011111111
1011101100000000
0000000000001110
1100000000100000
0000000000000000
1100100001000000
0000000000000000
1101000001100000
0000000000000000
1101100000000000
0000000000000000
1110000000000000
0000000000000000
